-2.506076
2.004870
-4.257253
-5.518819
-0.127642
-2.704389
1.179710
0.735640
0.413688
-1.868850
1.274886
2.141099
-0.783013
0.538400
1.453174
-3.577706
-2.611786
-2.086380
-2.174551
-1.115642
-4.707870
2.310066
2.066523
1.796998
2.466684
-4.118924
1.047809
-1.849792
-0.489380
-2.683654
1.705900
1.135226
-5.193290
-2.782173
-4.328030
1.878510
-4.989692
-1.983245
-2.036338
2.048053
2.489876
2.838474
3.400254
3.123537
-0.718570
3.522130
3.264769
3.883661
2.039634
-0.116030
-0.337120
2.143235
3.010726
2.830610
1.824452
2.025957
3.270935
1.449709
1.380403
2.236133
1.549841
1.089622
2.065381
1.272455
-2.736220
-3.577550
-3.009278
-2.688516
-2.643966
-2.183724
-2.924072
2.973333
-4.261635
0.769806
-3.930907
-3.039038
-2.122890
0.423566
0.596764
0.337300
0.778975
-0.666250
-0.782090
-1.054724
-1.657458
-0.433005
1.122830
-0.100549
3.570477
0.805072
0.313438
-2.150730
-2.697562
0.917421
1.986592
2.065934
3.519415
-3.951034
3.774727
3.550401
3.434983
3.659309
3.434983
3.659309
1.372170
2.751260
2.141133
3.006408
2.782435
2.054306
3.230734
2.464970
-1.742260
2.499484
1.821950
2.786025
-1.644599
1.147336
2.188564
3.060750
1.624575
0.075686
-1.006193
-0.905568
-2.389282
-1.947931
-2.252477
2.976306
-1.206775
3.506122
3.621540
2.295726
1.494582
-1.781935
3.740439
2.112534
2.996112
1.665198
2.829633
-2.187023
3.992845
1.920745
4.268638
-0.557859
2.203533
1.601402
2.015851
-3.147500
-0.520837
-3.994726
-4.309499
-5.356948
-4.220793
-4.874873
1.211592
-5.270269
-5.441171
-3.417777
-1.505168
-5.952784
-3.111403
0.744433
2.438616
1.219825
3.805712
-2.418714
-2.210169
-3.377797
-0.590754
-2.240109
3.621540
1.064890
-2.543591
-4.322386
2.358467
1.863365
1.135063
-3.962254
-2.750943
-2.283987
0.861919
1.849825
-4.917203
-1.977448
-1.845988
-1.938388
-1.256796
-2.415835
-1.863256
-0.611121
2.001103
-4.295660
-5.717018
-4.540683
-3.042524
1.496820
1.433899
-3.635306
2.895071
1.877750
1.665198
-4.769094
-1.967910
3.339140
2.038175
3.881254
2.037708
3.570477
2.842926
1.983654
2.842926
3.519415
-3.878410
4.132163
4.016746
3.455674
5.256751
4.132163
1.420202
4.016746
1.726471
2.240177
2.240177
-4.458344
-3.966178
-4.175013
-3.987934
0.653133
-3.873923
1.940104
2.301404
-2.109884
1.754277
2.620044
1.751089
1.701507
2.228673
2.227780
1.095630
2.897499
-2.045286
1.329427
1.780070
1.577389
1.842587
2.291239
1.465948
-4.503190
-1.189024
2.113067
1.379156
2.586733
1.914066
2.526234
1.283665
2.302144
3.383446
3.101749
3.098237
-4.114131
0.019420
1.922750
-5.837595
2.330266
0.431206
-0.068821
-5.283053
1.943942
1.801533
1.899812
1.479282
1.414443
2.067746
0.661176
2.054094
0.786089
2.240177
2.243239
2.581944
3.330375
2.331908
1.338650
3.141236
-0.708247
1.491320
-0.848100
-0.820467
1.697340
-0.468391
-0.545144
-1.224737
-0.152157
-0.697233
2.439031
-4.322225
-2.248168
-0.194157
-1.033968
-4.029209
1.092211
-1.637752
-4.301938
0.867826
-2.362614
-3.689328
-3.995672
-1.225407
-2.626338
2.397357
-4.785115
-1.387905
2.434299
1.951298
1.714917
3.774727
3.774727
3.774727
-4.087378
1.597001
-4.794247
0.259351
0.034415
-0.096676
2.567269
1.809893
-2.304740
-0.079556
-0.958357
2.050453
3.741358
2.256436
2.078576
1.993549
1.899317
2.358626
1.887826
1.614136
-2.153481
-5.031488
-4.611125
0.309904
1.035273
-2.231942
-1.951962
2.123322
1.671055
2.444478
3.658783
-2.739580
1.662865
1.899740
2.490758
-4.658803
-3.931863
-4.193667
1.451984
3.608247
3.448276
0.769134
-5.096069
3.621540
3.621540
1.473614
3.570477
2.402268
0.070398
3.519415
0.187362
3.519415
3.519415
3.616569
3.295089
3.581117
2.842926
3.519415
3.762092
3.295089
3.519415
3.519415
3.519415
3.403997
3.519415
1.535758
1.243084
2.610968
-2.684794
3.742353
1.639042
-5.164805
1.058967
-5.106854
1.264134
0.660888
1.086435
3.180285
3.404611
1.715670
4.081101
3.965683
1.634737
0.878198
1.780616
-1.846430
1.907747
-2.855305
-2.480322
1.377435
-4.352429
2.895683
3.341317
-5.284048
-5.558185
-5.430161
-5.207086
1.743169
1.654845
2.506492
1.030825
1.563371
1.340297
1.107638
0.128484
-0.994687
-0.617483
-1.514412
-0.327143
-1.849514
0.687291
-0.582606
3.050514
1.983830
3.632449
1.587410
2.132141
1.945411
-1.506723
0.783379
-5.764334
-1.870461
-2.631277
0.860353
1.106492
0.770472
1.931182
1.787124
0.540085
-5.596873
1.281498
1.880690
-2.739478
-4.787046
-3.729941
-2.535229
-2.484166
-0.919549
-0.695138
-3.550368
-6.083075
-4.341581
-4.069745
-0.203598
2.279946
2.242096
3.159676
0.860353
-4.209570
-5.044702
-4.286274
-0.331110
-1.991403
-0.960010
-3.848753
0.612100
0.539731
-4.463521
2.923344
2.138052
2.518584
0.390698
1.685946
-4.001941
2.786977
2.259755
-3.934190
-3.851985
-2.955941
-3.174477
-2.629543
-2.907314
-2.701728
-3.664130
2.013735
-5.923645
-3.778038
-4.314041
-4.144279
2.612616
1.742274
1.483711
0.831257
4.128910
1.740463
0.874785
0.555510
0.931469
1.245772
0.947147
0.715395
-1.825889
-6.295207
-5.209419
-5.056111
-2.986817
1.225574
-4.419577
-5.300801
-6.606850
-5.361187
-5.405304
0.138794
0.051988
1.936295
1.446174
-4.343204
-2.520365
-6.002592
-3.274389
2.072851
2.630405
-0.672884
1.029173
2.846437
1.505227
3.701948
2.075764
4.142662
3.813154
1.729553
2.893988
-5.377809
-4.072629
-4.036315
-1.162606
-4.794777
2.247292
2.548665
2.149829
-4.187080
-5.135097
-4.454554
-4.454554
0.943493
-2.391011
-6.807665
-4.621327
-3.954378
-5.921251
-5.523324
-5.962286
-1.721833
-0.557852
-0.392679
3.900640
3.404611
3.856775
3.965683
1.013588
1.714334
2.160094
1.895465
1.721360
2.240177
3.965683
3.522158
3.672602
3.672602
3.672602
3.448276
3.672602
3.672602
1.780616
1.104126
1.620173
2.615542
2.240177
2.101499
1.668451
3.172888
3.621540
3.397214
2.945050
3.397214
3.397214
1.135455
-3.340330
-2.697237
0.587348
-5.084199
-5.440892
-5.553254
4.375515
-4.145513
1.791525
2.015851
3.965683
0.677985
-3.450020
-1.768141
-6.466290
0.070845
-0.485057
-0.934685
-4.936331
1.570266
0.790812
-1.213668
-4.212502
0.977640
1.612494
-4.607741
-4.249290
-4.192078
0.277904
-3.278913
1.780616
3.748799
-4.692344
-4.638002
-2.302480
-5.180411
-0.088022
-0.399345
-3.995672
-2.342530
-3.458663
-1.060481
-1.720531
-1.734804
-1.806349
1.208799
1.193283
1.828602
1.188942
2.138052
1.501977
1.936060
4.112519
2.509849
3.118897
1.198848
2.333709
2.297433
2.014119
0.613236
1.923329
2.473257
3.965683
1.726252
1.560833
2.096240
3.672602
3.672602
0.576193
0.848171
0.876707
1.685577
1.774395
2.959382
0.532673
-5.333256
1.253689
1.705530
-1.197699
2.679430
-5.410734
-5.430427
-5.178898
-0.921051
1.035754
2.583155
1.049591
1.900434
3.621540
2.404545
1.642232
3.774727
1.164309
1.352018
0.797413
3.965683
3.608247
-6.676018
-5.021792
1.005091
0.729380
1.434482
1.650678
3.512265
2.514027
2.405946
2.074312
1.797832
1.247955
-4.098246
0.620099
1.478239
-1.113820
1.751316
3.965683
0.934659
0.824522
0.737275
1.575324
3.659309
3.550401
-6.691520
-6.631099
1.058623
-6.478178
-5.996524
3.455060
3.941697
1.729553
3.570477
3.455060
3.346151
0.955095
1.255026
2.869214
2.496269
1.425932
-4.915689
1.975368
2.641186
-4.107632
-1.764261
-5.738230
0.910586
-1.391490
1.238245
-2.681029
-5.171686
2.873911
1.364540
-2.246944
0.009313
-2.382702
-0.421871
-2.418971
-4.097796
0.850729
0.446180
1.903446
-2.415578
-3.485242
-3.485280
-3.591175
-3.485356
2.421715
0.733328
1.315663
0.984692
-2.042812
-2.947993
-1.093940
-2.251210
-0.254460
-0.589740
-1.802297
-2.800802
-4.380855
-2.082744
-0.356578
-5.438447
-1.537875
-2.083634
1.348674
3.690295
4.030038
1.961745
1.822056
3.839871
2.028396
1.607929
3.672602
1.702644
1.478422
3.557184
0.990248
-5.118759
-2.519348
-0.313830
-0.276404
-0.157153
3.176744
0.566385
-2.524594
3.825789
2.052493
1.208973
1.046014
4.016746
3.907837
4.016746
2.431151
4.309282
-3.289550
-3.249457
-3.305651
-3.404862
-3.405287
1.667117
0.180695
2.038100
-0.317254
1.091397
2.962743
0.735312
4.456466
-5.495966
3.723664
2.996112
-2.520592
-5.667521
-2.341282
-5.653725
-0.499374
-1.422276
0.214036
-0.782002
-0.737716
1.948740
1.770967
2.483616
2.012194
4.132163
4.016746
4.457011
4.132163
4.299464
4.132163
3.876851
1.362950
3.876851
-3.268264
-1.099282
-4.403491
-2.680048
-3.068643
-2.927204
2.116346
2.212608
1.525765
-2.970847
-2.530205
-2.446952
-3.116368
1.785626
-2.536659
-3.806753
1.380292
1.955737
1.968191
-3.618808
1.337360
4.030038
2.013902
4.081101
4.081101
1.358619
1.842587
2.690387
-3.248492
-2.070748
-1.189860
1.411989
0.341443
3.557184
2.228944
1.870756
-0.676367
-5.338061
-2.910161
0.197867
-3.050164
0.985832
1.619463
-2.721874
-3.191281
-3.710542
-3.564033
-1.182903
-2.254059
-0.817781
1.752499
1.331551
0.774708
0.165875
0.639381
-2.164827
0.526978
2.980994
1.950252
0.125350
-0.525696
-0.494154
3.774727
-0.269560
-3.105933
1.450124
0.881154
3.198418
1.481545
-3.264999
-1.661740
-4.425897
1.086817
0.825700
1.550753
2.072293
2.077651
3.368429
-2.724322
-3.303628
-0.796168
-3.650926
0.328963
-0.016316
0.447512
1.255635
1.430067
2.966145
1.926405
1.757647
2.349804
1.486460
-3.019721
2.015851
4.081101
4.081101
2.124760
4.081101
3.723664
-3.766000
0.795730
-0.738374
-5.432555
-0.650407
0.945094
-2.179564
1.676946
0.857250
1.688762
2.332824
-4.176424
3.965683
2.240177
1.900688
3.632449
-3.297409
-1.803662
-0.379130
-1.809364
-0.047034
-0.577023
-2.208930
-2.192883
-0.787130
-0.615205
0.009859
-0.096610
-1.448162
-4.334991
1.184654
-5.763465
-0.780383
-0.404606
0.699852
1.645535
3.557184
4.762908
-1.864260
-2.089067
1.627461
1.118517
1.254288
1.075383
3.499338
2.086990
3.550401
3.098237
-0.694931
