-2.581128
1.678388
-3.904953
-5.245329
0.111913
-2.617888
-0.075239
-0.055890
-0.227077
-1.731185
2.192060
1.376756
-1.011146
0.332256
1.749729
-3.025949
-2.299618
-2.013763
-2.387640
-0.871691
-2.162688
2.164632
1.631548
0.913040
2.824755
-4.234971
0.393511
-1.942379
-0.978804
-2.451947
2.011452
0.595167
-4.927144
-2.774089
-4.214478
2.400498
-4.392812
-1.906452
-2.892667
1.103353
2.217674
2.143619
3.063448
3.059520
-1.278828
3.224485
3.444200
3.369729
1.678874
0.448549
-0.237669
2.421625
2.206694
1.888147
1.505533
1.967846
3.289315
1.389421
1.078649
2.013527
1.391761
0.914907
1.641537
1.130542
-2.815035
-3.823774
-3.041862
-2.342236
-2.926309
-1.866954
-2.720244
3.201755
-3.782610
0.358172
-3.551330
-3.038661
-2.198073
0.010400
0.331140
-0.982136
0.391596
-1.208188
-2.036283
-1.178658
-1.051118
-0.771600
1.743404
0.015987
3.159308
0.621925
-0.196442
-1.961245
-1.916813
0.284127
2.068578
0.945268
3.155119
-3.470830
2.986664
2.815272
2.699092
2.870484
2.699092
2.870484
0.380100
2.845512
1.677110
2.742215
2.538012
2.607126
2.400646
2.571763
-2.176024
2.657921
2.044419
2.191698
-1.928366
1.364655
1.587723
2.385263
1.307546
0.275203
-0.845341
-0.896533
-2.356743
-1.846749
-1.872517
3.248818
-0.559685
2.657117
2.773297
2.355922
1.247253
-2.131925
2.782255
1.090983
2.432670
1.587476
2.298345
-2.218358
3.672485
1.633165
3.636863
-0.885028
1.685440
1.377723
1.614685
-3.525949
-2.098453
-3.724382
-4.103554
-4.647174
-3.837217
-4.784032
0.585405
-4.926163
-4.918353
-3.485230
-1.604705
-5.474918
-3.142237
0.394225
2.378662
1.730286
3.137270
-2.413427
-2.203071
-3.185313
-0.824711
-1.761037
3.177453
0.632790
-2.874464
-4.113723
1.436110
2.245854
1.043710
-3.597039
-2.365367
-2.374026
0.411813
1.886133
-3.973233
-1.681710
-1.780406
-1.997191
-1.759469
-1.650672
-2.166156
-0.701441
2.084376
-4.024926
-5.241557
-4.358949
-3.297144
1.199889
1.260465
-2.378386
2.533224
1.489135
1.573519
-4.195604
-1.670359
2.653303
2.826937
3.386691
2.240103
3.159308
3.070603
2.552306
2.378233
3.141162
-3.549626
3.372866
3.256687
3.302307
4.167346
3.372866
1.562355
3.256687
0.510882
1.880924
1.880924
-4.051236
-3.658843
-3.822721
-3.716729
0.411312
-3.833529
1.720759
1.263600
-1.880816
0.923387
1.721905
2.129600
1.466161
1.584735
3.527371
1.494280
2.187999
-2.581517
1.211117
1.749429
1.943264
1.514415
1.857199
1.520228
-4.409486
-1.039517
0.902804
1.733208
2.552832
2.808734
0.789716
0.252905
1.096050
2.394682
2.717716
3.161331
-3.760494
0.093139
1.622572
-5.808866
1.711279
-0.950843
0.129514
-4.780580
1.235578
1.225310
1.845570
1.241225
1.268976
0.905105
0.261333
2.181473
1.006705
1.908837
2.777516
2.136338
3.427802
1.640347
2.055716
2.687783
-1.944946
0.702792
-1.587277
-0.832510
1.378750
-1.073108
-1.376027
-0.708757
-0.911847
-1.459534
2.014857
-4.023505
-2.223320
0.402960
-1.284064
-4.195265
0.800357
-2.266775
-4.346222
0.699565
-2.180691
-3.609381
-4.055430
-1.260674
-3.151900
2.926902
-4.710378
-1.405966
2.264188
2.408515
1.896401
3.245847
3.245847
3.245847
-4.112829
1.459072
-4.315196
-0.590099
-0.576045
-0.896967
2.365936
1.530721
-1.642620
-0.075668
-1.115492
2.079577
2.986259
2.791504
1.688018
1.787664
1.037538
2.103973
1.076568
1.126154
-3.200919
-4.382850
-4.646182
0.013546
1.186751
-2.038088
-2.149323
1.923083
1.721264
2.066518
3.661827
-2.750950
1.233363
1.494302
2.726223
-4.433126
-3.926411
-4.096399
2.085417
3.111522
3.038164
1.236049
-4.626533
3.191410
3.191410
1.565602
3.173265
3.025298
0.337637
3.155119
0.287153
3.155119
3.155119
3.366920
2.983727
3.136396
3.084560
3.155119
3.407249
2.983727
3.155119
3.155119
3.155119
3.038939
3.155119
1.697048
1.538183
2.567408
-2.108445
2.659123
1.401887
-4.620274
2.623937
-4.982855
1.446244
1.239351
1.158798
3.056943
2.535965
2.031085
3.298894
3.182714
1.452804
0.309178
1.661786
-2.138350
1.603391
-2.604233
-2.038237
1.729679
-4.090133
2.206965
2.467171
-4.734998
-4.941669
-4.996672
-4.808146
1.279569
0.609087
1.573296
0.261714
1.370939
1.182413
1.217395
0.037698
-0.672698
-0.870158
-1.640806
-0.439759
-1.989012
-0.312005
-0.661833
2.097453
2.121999
2.984024
1.732100
1.531724
1.276076
-1.268992
0.321985
-5.697955
-1.382942
-2.680366
1.144905
1.564975
1.065521
3.014760
2.106994
0.611419
-5.396759
1.013338
1.121143
-2.597605
-4.084950
-3.642886
-2.368943
-2.272758
-1.635837
-0.530523
-3.510676
-5.768393
-3.647026
-3.662941
1.099659
2.368602
2.469479
2.772039
1.172818
-4.015996
-4.967680
-4.269355
0.020965
-1.470805
-1.675167
-3.854635
1.494285
-0.174309
-4.308019
2.103571
1.685702
2.630232
0.536048
2.783403
-3.998218
1.767359
1.909410
-3.871549
-3.738199
-3.179359
-3.499408
-2.730705
-2.779731
-2.523970
-3.590732
2.407008
-5.151936
-3.202674
-4.243807
-4.075461
2.137208
1.957355
1.679942
0.759621
3.330317
1.386127
0.113344
0.433047
1.188637
1.764689
1.083629
1.458520
-1.512269
-5.934064
-5.079127
-4.907574
-2.459008
1.208281
-4.052477
-4.364670
-6.223615
-5.187344
-5.589954
-0.313629
-0.687655
0.562726
1.076314
-3.703535
-1.550052
-5.672582
-3.124239
1.543571
2.355836
-0.675552
1.063787
2.640944
1.112813
2.880704
2.384507
3.350083
3.383524
1.657597
2.368465
-5.031287
-4.089927
-4.027750
-0.979017
-4.570720
1.883585
3.216980
1.809151
-3.222955
-4.533278
-3.931324
-3.931324
0.817276
-2.276344
-5.902133
-4.511590
-4.139974
-5.236171
-5.103434
-5.893980
-1.462220
-0.786588
0.047866
2.984922
2.619705
3.211243
3.266455
1.071746
1.421567
1.759619
1.457627
1.974482
1.825096
3.182714
2.927888
3.153729
3.153729
3.153729
2.982337
3.153729
3.153729
1.661786
0.898857
1.645471
2.117654
1.839053
1.896842
1.921174
2.806756
3.149540
2.978148
2.386611
2.978148
2.978148
1.583611
-3.046636
-2.073035
-0.655760
-4.295721
-5.586383
-4.997580
3.962997
-4.063136
1.443293
1.614685
3.143694
0.440377
-3.057828
-1.139232
-5.952566
-1.291264
-1.734209
-1.452839
-4.510648
1.782532
0.409964
-1.387363
-5.033647
1.378048
0.370034
-4.013674
-4.299001
-4.156742
0.317153
-3.191591
1.703656
3.313404
-4.598180
-4.617555
-2.612046
-4.982301
-0.027734
-0.434716
-4.027516
-2.855435
-3.509104
-1.173996
-1.796146
-2.149371
-1.154328
1.356938
0.628866
1.259040
1.745056
1.713615
1.022769
1.303390
2.969888
1.656231
2.772922
1.327365
1.878108
1.792727
2.708483
0.143839
1.853998
1.912995
3.185564
1.637242
1.565626
2.033364
3.195599
3.195599
0.057183
0.334741
1.809132
1.911966
1.663748
2.438795
0.615103
-4.784711
1.996608
1.893795
-1.546507
2.895109
-5.084877
-5.110062
-4.269416
-0.978055
0.585630
2.850814
0.376780
1.607309
3.219324
2.432793
1.333554
2.916880
1.037428
1.235359
0.407470
3.182714
3.055695
-5.661201
-4.633293
0.635350
0.214723
2.235440
1.142542
3.235772
3.451711
2.052484
1.620841
1.772135
1.060321
-4.095859
0.451925
0.957429
-1.478330
0.311292
3.199521
1.376581
0.862576
0.852174
1.116909
3.129667
3.074455
-5.694617
-5.315428
1.009506
-5.556345
-5.276047
2.641822
2.848704
1.284204
2.758002
2.641822
2.586610
1.005327
0.204273
2.827606
1.530974
2.349604
-4.093112
1.823218
1.912579
-4.129317
-2.501082
-5.480454
0.470435
-1.576297
0.734763
-2.609222
-4.680530
2.283613
1.023598
-2.512321
-0.546565
-2.365660
-1.368546
-2.407838
-3.726585
1.512009
0.539140
0.188315
-1.534427
-3.325783
-3.325865
-3.417784
-3.325952
2.504326
1.689360
1.377611
0.528464
-2.203565
-1.784112
-1.339937
-1.796381
-0.330192
0.121420
-2.021688
-2.773827
-4.251843
-2.296610
-0.579993
-5.253095
-1.904409
-1.831515
1.400064
2.957007
3.244579
1.724936
1.022925
3.479143
1.463831
1.426571
3.195599
0.416365
1.063400
3.079419
1.398085
-3.999718
-1.833683
-0.777231
-1.056355
-1.206971
2.754653
0.986969
-2.412594
3.029873
2.802150
0.813729
1.420615
3.256687
3.201475
3.256687
2.038903
3.783319
-3.110187
-3.047361
-3.041790
-3.102978
-3.103291
1.760195
-0.619292
1.927134
0.338464
0.416775
2.108999
1.295488
3.591452
-5.038134
3.185831
2.404756
-2.352095
-5.379977
-2.445847
-5.734814
-1.221884
-1.041488
0.158777
-0.983831
-0.948601
1.673047
1.202015
1.892300
1.490505
3.344953
3.228773
3.767797
3.344953
3.809494
3.344953
3.254225
1.266252
3.254225
-3.114874
-1.518113
-3.941092
-2.439594
-2.903441
-2.680741
1.190679
2.277432
1.148742
-2.693427
-2.254367
-2.086390
-2.799958
2.258834
-2.159492
-2.760546
1.094834
0.905860
1.762236
-3.245188
2.515460
3.286449
2.034505
3.343615
3.343615
1.717474
1.584199
2.524565
-2.496122
-2.337641
-1.604561
1.426633
0.488260
3.093376
1.785628
2.044038
-1.148564
-5.152599
-3.004658
-0.654351
-3.051779
1.205750
2.057989
-2.708140
-2.677532
-4.183232
-3.208197
-1.185911
-2.335121
-1.377581
2.014215
1.579382
1.201984
-0.181165
1.392755
-2.614957
0.440542
2.849916
1.459333
0.108595
-0.584875
-0.687746
3.245847
-0.130772
-3.283794
1.236485
0.602422
3.083125
0.859896
-3.445265
-1.455123
-4.221778
0.642796
1.432192
1.978830
2.442808
2.370123
3.464957
-2.563876
-3.149404
-0.831581
-3.641577
0.295588
0.948677
-0.259224
0.896625
0.902100
2.704786
0.679355
1.580592
3.323957
1.505052
-3.440461
1.695575
3.340764
3.340764
1.750787
3.340764
3.213745
-3.213265
0.160749
-1.071180
-4.890598
-0.484203
0.822459
-2.286728
1.393534
0.633867
1.700101
1.980228
-3.771664
3.157651
1.800033
2.445360
2.931047
-2.548368
-1.120898
-0.665284
-1.360909
-0.316407
-1.145704
-2.252512
-2.496742
-1.356422
-0.666724
0.079667
-0.177809
-1.652059
-4.415027
1.614473
-5.603909
-1.090216
-0.745429
-0.236042
0.839351
2.714283
4.178045
-1.707815
-2.244152
2.482963
1.192348
1.332066
1.252500
2.716236
1.770659
3.018628
2.427091
-1.399454
